{
  "nbformat": 4,
  "nbformat_minor": 0,
  "metadata": {
    "colab": {
      "name": "feature_engineering.ipynb",
      "provenance": [],
      "collapsed_sections": [],
      "toc_visible": true,
      "authorship_tag": "ABX9TyM1cSPh8nfh/b3rXJ7oT0DR",
      "include_colab_link": true
    },
    "kernelspec": {
      "name": "python3",
      "display_name": "Python 3"
    },
    "language_info": {
      "name": "python"
    }
  },
  "cells": [
    {
      "cell_type": "markdown",
      "metadata": {
        "id": "view-in-github",
        "colab_type": "text"
      },
      "source": [
        "<a href=\"https://colab.research.google.com/github/kconstable/crypto-ensemble-model-predictions/blob/main/feature_engineering.ipynb\" target=\"_parent\"><img src=\"https://colab.research.google.com/assets/colab-badge.svg\" alt=\"Open In Colab\"/></a>"
      ]
    },
    {
      "cell_type": "markdown",
      "metadata": {
        "id": "_ysluZIEbcmb"
      },
      "source": [
        "# Import Libraries"
      ]
    },
    {
      "cell_type": "code",
      "metadata": {
        "id": "jmUIMi99Jakg",
        "colab": {
          "base_uri": "https://localhost:8080/"
        },
        "outputId": "d83d5126-1f13-4004-ae45-384fdccf17d4"
      },
      "source": [
        "!pip install missingpy"
      ],
      "execution_count": 1,
      "outputs": [
        {
          "output_type": "stream",
          "name": "stdout",
          "text": [
            "Collecting missingpy\n",
            "  Downloading missingpy-0.2.0-py3-none-any.whl (49 kB)\n",
            "\u001b[K     |████████████████████████████████| 49 kB 850 kB/s \n",
            "\u001b[?25hInstalling collected packages: missingpy\n",
            "Successfully installed missingpy-0.2.0\n"
          ]
        }
      ]
    },
    {
      "cell_type": "code",
      "metadata": {
        "id": "im2-MD4caSpY"
      },
      "source": [
        "import pandas as pd\n",
        "import numpy as np\n",
        "# import requests\n",
        "import time\n",
        "import pickle\n",
        "from datetime import date, timedelta,datetime\n",
        "\n",
        "import plotly.graph_objects as go\n",
        "from plotly.subplots import make_subplots\n",
        "\n",
        "from sklearn.ensemble import RandomForestRegressor\n",
        "from sklearn.feature_selection import RFE\n",
        "from missingpy import MissForest\n",
        "\n",
        "from google.colab import files\n",
        "from google.colab import drive\n",
        "drive.mount('/content/drive')\n",
        "\n",
        "ticker = 'BTC'\n",
        "path = f'/content/drive/MyDrive/Colab Notebooks/capstone2/data/'"
      ],
      "execution_count": null,
      "outputs": []
    },
    {
      "cell_type": "code",
      "metadata": {
        "colab": {
          "base_uri": "https://localhost:8080/"
        },
        "id": "F2eAgNDWbGrc",
        "outputId": "f7db1c95-c7c2-474f-9793-7b873fdb5fcf"
      },
      "source": [
        "# load saved market data\n",
        "df = pd.read_pickle(f'{path}{ticker}_market_data.pickle')\n",
        "print(f\"\\n{ticker}\")\n",
        "print(\"=\"*60)\n",
        "print(f\"{ticker}-all features: \",df.shape)"
      ],
      "execution_count": 3,
      "outputs": [
        {
          "output_type": "stream",
          "name": "stdout",
          "text": [
            "\n",
            "BTC\n",
            "============================================================\n",
            "BTC-all features:  (2125, 69)\n"
          ]
        }
      ]
    },
    {
      "cell_type": "markdown",
      "metadata": {
        "id": "ukoJkzhrdF5P"
      },
      "source": [
        "# Feature Engineering"
      ]
    },
    {
      "cell_type": "markdown",
      "metadata": {
        "id": "fJKagHS4bbAl"
      },
      "source": [
        "## Create Lag Features\n",
        "The features may have more influence if they are lagged vs current.  For example, the unemployment rate from 40 days ago may influence the price to a greater extent than the current unemployment rate.  \n",
        "\n",
        "To explore this possibility, the correlation between closing prices and current/lagged features are calculated and compared.  The number of days lagged was determined iteratively until the correlation with the largest magnitude was found.\n",
        "\n",
        "The calc_optimal_feature_lags function calculates the correlation between each feature and the closing price. It loops over lags from zero days to 60 days and returns a list of features with higher higher correlations when lagged. \n",
        "\n",
        "The shift_features function adds a lagged version of the input features to the features data frame.\n",
        "\n",
        "RFE is then used to select from all availble features (current and lagged) to find the most influential features to be included in the LSTM model."
      ]
    },
    {
      "cell_type": "code",
      "metadata": {
        "id": "iiGnKdf_blpf"
      },
      "source": [
        "def calc_optimal_feature_lags(df,features_to_lag,lags):\n",
        "  \"\"\"\n",
        "  Calculates the correlation between each feature and the closing price over a series of lags\n",
        "  Inputs:\n",
        "    df: A data frame of feartures.  Expects 'close' price to be included\n",
        "    features_to_lag: A list of features to shift by each lag in lags\n",
        "    lags: A list of lags (in days)\n",
        "  Outputs:\n",
        "    A dictionary of {feature name:lag (in days)}. Only returns features with \n",
        "    higher correlations with lags\n",
        "  \"\"\"\n",
        "  # get a copy of the df\n",
        "  dff = df.copy()\n",
        "\n",
        "  # dict to store the optimal lag for each feature\n",
        "  d = {}\n",
        "  \n",
        "  # loop each feature, each lag\n",
        "  for feature in features_to_lag:\n",
        "    # maximum abs correlation with close price, and the associated lag\n",
        "    # reset after each feature\n",
        "    max_corr = 0\n",
        "    max_lag = 0\n",
        "    for lag in lags:\n",
        "      if feature != 'close':\n",
        "        # name of shifted column: feature_shift_lag\n",
        "        shift = f\"_shift_{str(lag)}\"\n",
        "\n",
        "        # shift the feature by the lag,join with dff\n",
        "        tshift=dff[feature].shift(lag)\n",
        "        dff =dff.join(tshift,how='left',rsuffix=shift)\n",
        "\n",
        "        # calc the corr with the close price\n",
        "        corr = dff[['close',feature+shift]].corr()[feature+shift]['close']\n",
        "\n",
        "        # update the max abs corr and associated lag\n",
        "        if abs(corr)>abs(max_corr):\n",
        "          max_corr = abs(corr)\n",
        "          max_lag = lag\n",
        "    # save the max abs corr and associated lag\n",
        "    if max_lag <0:\n",
        "      d[feature] = max_lag\n",
        "\n",
        "  return d"
      ],
      "execution_count": 4,
      "outputs": []
    },
    {
      "cell_type": "code",
      "metadata": {
        "id": "LjONek7Wbowj"
      },
      "source": [
        "def shift_features(df,features_shift):\n",
        "  \"\"\"\n",
        "  Shifts features by time periods to convert them to lagged indicators\n",
        "  Input:\n",
        "    df: dataframe of features\n",
        "    features_shift: dictionary  of {feature:period shift}\n",
        "  Output:\n",
        "    df: original dataframe + the shifted features\n",
        "  \"\"\"\n",
        "  dff = df.copy()\n",
        "  for feature,shift in features_shift.items():\n",
        "    t_shift = pd.DataFrame(dff[feature].shift(periods=shift))\n",
        "    dff =dff.join(t_shift,how='left',rsuffix='_shift')\n",
        "\n",
        "  # remove nan introducted with lag features\n",
        "  dff.dropna(how='any',inplace=True)\n",
        "\n",
        "  return dff"
      ],
      "execution_count": 5,
      "outputs": []
    },
    {
      "cell_type": "code",
      "metadata": {
        "id": "C0ihTBCjbwzI"
      },
      "source": [
        "def plot_corr(df,features,title):\n",
        "  \"\"\"\n",
        "  Plots correlations in a heatmap\n",
        "  Input: \n",
        "    df: a dataframe of features to plot\n",
        "  \"\"\"\n",
        "    \n",
        "  # calculate correlations\n",
        "  cm =df[features].corr()\n",
        "\n",
        "  # plot a heatmap of correlations\n",
        "  fig = go.Figure()\n",
        "  fig.add_trace(go.Heatmap(\n",
        "        z = cm,\n",
        "        x = cm.columns.values,\n",
        "        y = cm.columns.values,\n",
        "        # colorscale = 'Bluyl'\n",
        "        colorscale = 'YlOrRd'\n",
        "      )\n",
        "  )\n",
        "  fig.update_layout(\n",
        "      title_text=f\"Feature Correlations:{title}\", \n",
        "      title_x=0.5, \n",
        "      width=600, \n",
        "      height=600,\n",
        "      yaxis_autorange='reversed',\n",
        "      template = 'plotly_white'\n",
        "  )\n",
        "\n",
        "  fig.show()"
      ],
      "execution_count": 6,
      "outputs": []
    },
    {
      "cell_type": "markdown",
      "metadata": {
        "id": "_6gd8CJEg6BZ"
      },
      "source": [
        "### Economic Indicators\n",
        "+ GDP and Inflation indicators have higher correlations when lagged 100 days or more"
      ]
    },
    {
      "cell_type": "code",
      "metadata": {
        "colab": {
          "base_uri": "https://localhost:8080/",
          "height": 634
        },
        "id": "t-5jLxcmg8Xj",
        "outputId": "af78c0b7-d9f6-48e8-f77f-985cb6298b95"
      },
      "source": [
        "# economic indicators\n",
        "features_to_lag = ['gdp','nfp','unemployment','cs','infl','ir','yield3m','yield5y','yield10y','yield30y']\n",
        "\n",
        "# try shifting from zero to -60 days prior\n",
        "lags = list(range(0,-120,-10))\n",
        "\n",
        "feature_shifts =calc_optimal_feature_lags(df,features_to_lag,lags)\n",
        "print(feature_shifts)\n",
        "\n",
        "# add the optimal feature lags\n",
        "features_to_lag.insert(0,'close')\n",
        "df_econ = shift_features(df[features_to_lag],feature_shifts)\n",
        "\n",
        "# plot corr\n",
        "plot_corr(df_econ,df_econ.columns,'Economic Indicators')\n"
      ],
      "execution_count": 7,
      "outputs": [
        {
          "output_type": "stream",
          "name": "stdout",
          "text": [
            "{'gdp': -100, 'infl': -110}\n"
          ]
        },
        {
          "output_type": "display_data",
          "data": {
            "text/html": [
              "<html>\n",
              "<head><meta charset=\"utf-8\" /></head>\n",
              "<body>\n",
              "    <div>\n",
              "            <script src=\"https://cdnjs.cloudflare.com/ajax/libs/mathjax/2.7.5/MathJax.js?config=TeX-AMS-MML_SVG\"></script><script type=\"text/javascript\">if (window.MathJax) {MathJax.Hub.Config({SVG: {font: \"STIX-Web\"}});}</script>\n",
              "                <script type=\"text/javascript\">window.PlotlyConfig = {MathJaxConfig: 'local'};</script>\n",
              "        <script src=\"https://cdn.plot.ly/plotly-latest.min.js\"></script>    \n",
              "            <div id=\"5dcaaf1f-26d6-4fd5-a706-6e01e36ac46f\" class=\"plotly-graph-div\" style=\"height:600px; width:600px;\"></div>\n",
              "            <script type=\"text/javascript\">\n",
              "                \n",
              "                    window.PLOTLYENV=window.PLOTLYENV || {};\n",
              "                    \n",
              "                if (document.getElementById(\"5dcaaf1f-26d6-4fd5-a706-6e01e36ac46f\")) {\n",
              "                    Plotly.newPlot(\n",
              "                        '5dcaaf1f-26d6-4fd5-a706-6e01e36ac46f',\n",
              "                        [{\"colorscale\": [[0.0, \"rgb(255,255,204)\"], [0.125, \"rgb(255,237,160)\"], [0.25, \"rgb(254,217,118)\"], [0.375, \"rgb(254,178,76)\"], [0.5, \"rgb(253,141,60)\"], [0.625, \"rgb(252,78,42)\"], [0.75, \"rgb(227,26,28)\"], [0.875, \"rgb(189,0,38)\"], [1.0, \"rgb(128,0,38)\"]], \"type\": \"heatmap\", \"x\": [\"close\", \"gdp\", \"nfp\", \"unemployment\", \"cs\", \"infl\", \"ir\", \"yield3m\", \"yield5y\", \"yield10y\", \"yield30y\", \"gdp_shift\", \"infl_shift\"], \"y\": [\"close\", \"gdp\", \"nfp\", \"unemployment\", \"cs\", \"infl\", \"ir\", \"yield3m\", \"yield5y\", \"yield10y\", \"yield30y\", \"gdp_shift\", \"infl_shift\"], \"z\": [[1.0, 0.42309446061371025, -0.14622649418952843, 0.2001158132174369, -0.40870607292616473, 0.6787827954451104, -0.3079071471252493, -0.2962647795894864, -0.3731396089717072, -0.2966807654084691, -0.3131965307895117, 0.5464664620889135, 0.8896400213483904], [0.42309446061371025, 1.0, 0.6049894896346861, -0.30538283708073105, 0.08647296678609241, 0.2944450256490148, 0.38423878795802696, 0.3827365944817384, 0.0937559757970512, 0.03997419349151054, -0.08014276018484358, 0.4766110186177958, 0.26507758735344483], [-0.14622649418952843, 0.6049894896346861, 1.0, -0.8772328961741167, 0.7752650783381797, -0.12038667089914433, 0.777243712668832, 0.7492528654472128, 0.6475933884224468, 0.5972515348832486, 0.5209876148199367, 0.006631388326073466, -0.23580740148313548], [0.2001158132174369, -0.30538283708073105, -0.8772328961741167, 1.0, -0.8479573583207568, 0.1731016992343717, -0.6265870580128879, -0.5906791549552192, -0.6856604410862934, -0.7031604424190541, -0.7057892159239012, 0.15867405856800826, 0.2257024712631137], [-0.40870607292616473, 0.08647296678609241, 0.7752650783381797, -0.8479573583207568, 1.0, -0.34255319145634716, 0.7042612491270176, 0.6893832298948861, 0.8413694636712141, 0.8357971987039118, 0.8190597698158985, -0.2855780711538284, -0.4043945869397401], [0.6787827954451104, 0.2944450256490148, -0.12038667089914433, 0.1731016992343717, -0.34255319145634716, 1.0, -0.20607552067838086, -0.1827545096738646, -0.17869188846827697, -0.1103992696530781, -0.1265514974406375, 0.5603883629903091, 0.6905741144018192], [-0.3079071471252493, 0.38423878795802696, 0.777243712668832, -0.6265870580128879, 0.7042612491270176, -0.20607552067838086, 1.0, 0.9897825381862491, 0.8040874137502418, 0.7002912869102936, 0.573444658143562, 0.18525529993502993, -0.3788082189138755], [-0.2962647795894864, 0.3827365944817384, 0.7492528654472128, -0.5906791549552192, 0.6893832298948861, -0.1827545096738646, 0.9897825381862491, 1.0, 0.829153886933904, 0.7242772795910988, 0.5879953268742336, 0.19805400818783758, -0.3609486069275217], [-0.3731396089717072, 0.0937559757970512, 0.6475933884224468, -0.6856604410862934, 0.8413694636712141, -0.17869188846827697, 0.8040874137502418, 0.829153886933904, 1.0, 0.9777254295372549, 0.9084094727602241, -0.047220575850503294, -0.3494850344833501], [-0.2966807654084691, 0.03997419349151054, 0.5972515348832486, -0.7031604424190541, 0.8357971987039118, -0.1103992696530781, 0.7002912869102936, 0.7242772795910988, 0.9777254295372549, 1.0, 0.9703375820720302, -0.06666566506190238, -0.2527497189418346], [-0.3131965307895117, -0.08014276018484358, 0.5209876148199367, -0.7057892159239012, 0.8190597698158985, -0.1265514974406375, 0.573444658143562, 0.5879953268742336, 0.9084094727602241, 0.9703375820720302, 1.0, -0.15789202611430903, -0.25180568256597935], [0.5464664620889135, 0.4766110186177958, 0.006631388326073466, 0.15867405856800826, -0.2855780711538284, 0.5603883629903091, 0.18525529993502993, 0.19805400818783758, -0.047220575850503294, -0.06666566506190238, -0.15789202611430903, 1.0, 0.42537201279337206], [0.8896400213483904, 0.26507758735344483, -0.23580740148313548, 0.2257024712631137, -0.4043945869397401, 0.6905741144018192, -0.3788082189138755, -0.3609486069275217, -0.3494850344833501, -0.2527497189418346, -0.25180568256597935, 0.42537201279337206, 1.0]]}],\n",
              "                        {\"height\": 600, \"template\": {\"data\": {\"bar\": [{\"error_x\": {\"color\": \"#2a3f5f\"}, \"error_y\": {\"color\": \"#2a3f5f\"}, \"marker\": {\"line\": {\"color\": \"white\", \"width\": 0.5}}, \"type\": \"bar\"}], \"barpolar\": [{\"marker\": {\"line\": {\"color\": \"white\", \"width\": 0.5}}, \"type\": \"barpolar\"}], \"carpet\": [{\"aaxis\": {\"endlinecolor\": \"#2a3f5f\", \"gridcolor\": \"#C8D4E3\", \"linecolor\": \"#C8D4E3\", \"minorgridcolor\": \"#C8D4E3\", \"startlinecolor\": \"#2a3f5f\"}, \"baxis\": {\"endlinecolor\": \"#2a3f5f\", \"gridcolor\": \"#C8D4E3\", \"linecolor\": \"#C8D4E3\", \"minorgridcolor\": \"#C8D4E3\", \"startlinecolor\": \"#2a3f5f\"}, \"type\": \"carpet\"}], \"choropleth\": [{\"colorbar\": {\"outlinewidth\": 0, \"ticks\": \"\"}, \"type\": \"choropleth\"}], \"contour\": [{\"colorbar\": {\"outlinewidth\": 0, \"ticks\": \"\"}, \"colorscale\": [[0.0, \"#0d0887\"], [0.1111111111111111, \"#46039f\"], [0.2222222222222222, \"#7201a8\"], [0.3333333333333333, \"#9c179e\"], [0.4444444444444444, \"#bd3786\"], [0.5555555555555556, \"#d8576b\"], [0.6666666666666666, \"#ed7953\"], [0.7777777777777778, \"#fb9f3a\"], [0.8888888888888888, \"#fdca26\"], [1.0, \"#f0f921\"]], \"type\": \"contour\"}], \"contourcarpet\": [{\"colorbar\": {\"outlinewidth\": 0, \"ticks\": \"\"}, \"type\": \"contourcarpet\"}], \"heatmap\": [{\"colorbar\": {\"outlinewidth\": 0, \"ticks\": \"\"}, \"colorscale\": [[0.0, \"#0d0887\"], [0.1111111111111111, \"#46039f\"], [0.2222222222222222, \"#7201a8\"], [0.3333333333333333, \"#9c179e\"], [0.4444444444444444, \"#bd3786\"], [0.5555555555555556, \"#d8576b\"], [0.6666666666666666, \"#ed7953\"], [0.7777777777777778, \"#fb9f3a\"], [0.8888888888888888, \"#fdca26\"], [1.0, \"#f0f921\"]], \"type\": \"heatmap\"}], \"heatmapgl\": [{\"colorbar\": {\"outlinewidth\": 0, \"ticks\": \"\"}, \"colorscale\": [[0.0, \"#0d0887\"], [0.1111111111111111, \"#46039f\"], [0.2222222222222222, \"#7201a8\"], [0.3333333333333333, \"#9c179e\"], [0.4444444444444444, \"#bd3786\"], [0.5555555555555556, \"#d8576b\"], [0.6666666666666666, \"#ed7953\"], [0.7777777777777778, \"#fb9f3a\"], [0.8888888888888888, \"#fdca26\"], [1.0, \"#f0f921\"]], \"type\": \"heatmapgl\"}], \"histogram\": [{\"marker\": {\"colorbar\": {\"outlinewidth\": 0, \"ticks\": \"\"}}, \"type\": \"histogram\"}], \"histogram2d\": [{\"colorbar\": {\"outlinewidth\": 0, \"ticks\": \"\"}, \"colorscale\": [[0.0, \"#0d0887\"], [0.1111111111111111, \"#46039f\"], [0.2222222222222222, \"#7201a8\"], [0.3333333333333333, \"#9c179e\"], [0.4444444444444444, \"#bd3786\"], [0.5555555555555556, \"#d8576b\"], [0.6666666666666666, \"#ed7953\"], [0.7777777777777778, \"#fb9f3a\"], [0.8888888888888888, \"#fdca26\"], [1.0, \"#f0f921\"]], \"type\": \"histogram2d\"}], \"histogram2dcontour\": [{\"colorbar\": {\"outlinewidth\": 0, \"ticks\": \"\"}, \"colorscale\": [[0.0, \"#0d0887\"], [0.1111111111111111, \"#46039f\"], [0.2222222222222222, \"#7201a8\"], [0.3333333333333333, \"#9c179e\"], [0.4444444444444444, \"#bd3786\"], [0.5555555555555556, \"#d8576b\"], [0.6666666666666666, \"#ed7953\"], [0.7777777777777778, \"#fb9f3a\"], [0.8888888888888888, \"#fdca26\"], [1.0, \"#f0f921\"]], \"type\": \"histogram2dcontour\"}], \"mesh3d\": [{\"colorbar\": {\"outlinewidth\": 0, \"ticks\": \"\"}, \"type\": \"mesh3d\"}], \"parcoords\": [{\"line\": {\"colorbar\": {\"outlinewidth\": 0, \"ticks\": \"\"}}, \"type\": \"parcoords\"}], \"pie\": [{\"automargin\": true, \"type\": \"pie\"}], \"scatter\": [{\"marker\": {\"colorbar\": {\"outlinewidth\": 0, \"ticks\": \"\"}}, \"type\": \"scatter\"}], \"scatter3d\": [{\"line\": {\"colorbar\": {\"outlinewidth\": 0, \"ticks\": \"\"}}, \"marker\": {\"colorbar\": {\"outlinewidth\": 0, \"ticks\": \"\"}}, \"type\": \"scatter3d\"}], \"scattercarpet\": [{\"marker\": {\"colorbar\": {\"outlinewidth\": 0, \"ticks\": \"\"}}, \"type\": \"scattercarpet\"}], \"scattergeo\": [{\"marker\": {\"colorbar\": {\"outlinewidth\": 0, \"ticks\": \"\"}}, \"type\": \"scattergeo\"}], \"scattergl\": [{\"marker\": {\"colorbar\": {\"outlinewidth\": 0, \"ticks\": \"\"}}, \"type\": \"scattergl\"}], \"scattermapbox\": [{\"marker\": {\"colorbar\": {\"outlinewidth\": 0, \"ticks\": \"\"}}, \"type\": \"scattermapbox\"}], \"scatterpolar\": [{\"marker\": {\"colorbar\": {\"outlinewidth\": 0, \"ticks\": \"\"}}, \"type\": \"scatterpolar\"}], \"scatterpolargl\": [{\"marker\": {\"colorbar\": {\"outlinewidth\": 0, \"ticks\": \"\"}}, \"type\": \"scatterpolargl\"}], \"scatterternary\": [{\"marker\": {\"colorbar\": {\"outlinewidth\": 0, \"ticks\": \"\"}}, \"type\": \"scatterternary\"}], \"surface\": [{\"colorbar\": {\"outlinewidth\": 0, \"ticks\": \"\"}, \"colorscale\": [[0.0, \"#0d0887\"], [0.1111111111111111, \"#46039f\"], [0.2222222222222222, \"#7201a8\"], [0.3333333333333333, \"#9c179e\"], [0.4444444444444444, \"#bd3786\"], [0.5555555555555556, \"#d8576b\"], [0.6666666666666666, \"#ed7953\"], [0.7777777777777778, \"#fb9f3a\"], [0.8888888888888888, \"#fdca26\"], [1.0, \"#f0f921\"]], \"type\": \"surface\"}], \"table\": [{\"cells\": {\"fill\": {\"color\": \"#EBF0F8\"}, \"line\": {\"color\": \"white\"}}, \"header\": {\"fill\": {\"color\": \"#C8D4E3\"}, \"line\": {\"color\": \"white\"}}, \"type\": \"table\"}]}, \"layout\": {\"annotationdefaults\": {\"arrowcolor\": \"#2a3f5f\", \"arrowhead\": 0, \"arrowwidth\": 1}, \"coloraxis\": {\"colorbar\": {\"outlinewidth\": 0, \"ticks\": \"\"}}, \"colorscale\": {\"diverging\": [[0, \"#8e0152\"], [0.1, \"#c51b7d\"], [0.2, \"#de77ae\"], [0.3, \"#f1b6da\"], [0.4, \"#fde0ef\"], [0.5, \"#f7f7f7\"], [0.6, \"#e6f5d0\"], [0.7, \"#b8e186\"], [0.8, \"#7fbc41\"], [0.9, \"#4d9221\"], [1, \"#276419\"]], \"sequential\": [[0.0, \"#0d0887\"], [0.1111111111111111, \"#46039f\"], [0.2222222222222222, \"#7201a8\"], [0.3333333333333333, \"#9c179e\"], [0.4444444444444444, \"#bd3786\"], [0.5555555555555556, \"#d8576b\"], [0.6666666666666666, \"#ed7953\"], [0.7777777777777778, \"#fb9f3a\"], [0.8888888888888888, \"#fdca26\"], [1.0, \"#f0f921\"]], \"sequentialminus\": [[0.0, \"#0d0887\"], [0.1111111111111111, \"#46039f\"], [0.2222222222222222, \"#7201a8\"], [0.3333333333333333, \"#9c179e\"], [0.4444444444444444, \"#bd3786\"], [0.5555555555555556, \"#d8576b\"], [0.6666666666666666, \"#ed7953\"], [0.7777777777777778, \"#fb9f3a\"], [0.8888888888888888, \"#fdca26\"], [1.0, \"#f0f921\"]]}, \"colorway\": [\"#636efa\", \"#EF553B\", \"#00cc96\", \"#ab63fa\", \"#FFA15A\", \"#19d3f3\", \"#FF6692\", \"#B6E880\", \"#FF97FF\", \"#FECB52\"], \"font\": {\"color\": \"#2a3f5f\"}, \"geo\": {\"bgcolor\": \"white\", \"lakecolor\": \"white\", \"landcolor\": \"white\", \"showlakes\": true, \"showland\": true, \"subunitcolor\": \"#C8D4E3\"}, \"hoverlabel\": {\"align\": \"left\"}, \"hovermode\": \"closest\", \"mapbox\": {\"style\": \"light\"}, \"paper_bgcolor\": \"white\", \"plot_bgcolor\": \"white\", \"polar\": {\"angularaxis\": {\"gridcolor\": \"#EBF0F8\", \"linecolor\": \"#EBF0F8\", \"ticks\": \"\"}, \"bgcolor\": \"white\", \"radialaxis\": {\"gridcolor\": \"#EBF0F8\", \"linecolor\": \"#EBF0F8\", \"ticks\": \"\"}}, \"scene\": {\"xaxis\": {\"backgroundcolor\": \"white\", \"gridcolor\": \"#DFE8F3\", \"gridwidth\": 2, \"linecolor\": \"#EBF0F8\", \"showbackground\": true, \"ticks\": \"\", \"zerolinecolor\": \"#EBF0F8\"}, \"yaxis\": {\"backgroundcolor\": \"white\", \"gridcolor\": \"#DFE8F3\", \"gridwidth\": 2, \"linecolor\": \"#EBF0F8\", \"showbackground\": true, \"ticks\": \"\", \"zerolinecolor\": \"#EBF0F8\"}, \"zaxis\": {\"backgroundcolor\": \"white\", \"gridcolor\": \"#DFE8F3\", \"gridwidth\": 2, \"linecolor\": \"#EBF0F8\", \"showbackground\": true, \"ticks\": \"\", \"zerolinecolor\": \"#EBF0F8\"}}, \"shapedefaults\": {\"line\": {\"color\": \"#2a3f5f\"}}, \"ternary\": {\"aaxis\": {\"gridcolor\": \"#DFE8F3\", \"linecolor\": \"#A2B1C6\", \"ticks\": \"\"}, \"baxis\": {\"gridcolor\": \"#DFE8F3\", \"linecolor\": \"#A2B1C6\", \"ticks\": \"\"}, \"bgcolor\": \"white\", \"caxis\": {\"gridcolor\": \"#DFE8F3\", \"linecolor\": \"#A2B1C6\", \"ticks\": \"\"}}, \"title\": {\"x\": 0.05}, \"xaxis\": {\"automargin\": true, \"gridcolor\": \"#EBF0F8\", \"linecolor\": \"#EBF0F8\", \"ticks\": \"\", \"title\": {\"standoff\": 15}, \"zerolinecolor\": \"#EBF0F8\", \"zerolinewidth\": 2}, \"yaxis\": {\"automargin\": true, \"gridcolor\": \"#EBF0F8\", \"linecolor\": \"#EBF0F8\", \"ticks\": \"\", \"title\": {\"standoff\": 15}, \"zerolinecolor\": \"#EBF0F8\", \"zerolinewidth\": 2}}}, \"title\": {\"text\": \"Feature Correlations:Economic Indicators\", \"x\": 0.5}, \"width\": 600, \"yaxis\": {\"autorange\": \"reversed\"}},\n",
              "                        {\"responsive\": true}\n",
              "                    ).then(function(){\n",
              "                            \n",
              "var gd = document.getElementById('5dcaaf1f-26d6-4fd5-a706-6e01e36ac46f');\n",
              "var x = new MutationObserver(function (mutations, observer) {{\n",
              "        var display = window.getComputedStyle(gd).display;\n",
              "        if (!display || display === 'none') {{\n",
              "            console.log([gd, 'removed!']);\n",
              "            Plotly.purge(gd);\n",
              "            observer.disconnect();\n",
              "        }}\n",
              "}});\n",
              "\n",
              "// Listen for the removal of the full notebook cells\n",
              "var notebookContainer = gd.closest('#notebook-container');\n",
              "if (notebookContainer) {{\n",
              "    x.observe(notebookContainer, {childList: true});\n",
              "}}\n",
              "\n",
              "// Listen for the clearing of the current output cell\n",
              "var outputEl = gd.closest('.output');\n",
              "if (outputEl) {{\n",
              "    x.observe(outputEl, {childList: true});\n",
              "}}\n",
              "\n",
              "                        })\n",
              "                };\n",
              "                \n",
              "            </script>\n",
              "        </div>\n",
              "</body>\n",
              "</html>"
            ]
          },
          "metadata": {}
        }
      ]
    },
    {
      "cell_type": "markdown",
      "metadata": {
        "id": "gVE80BEwlAxQ"
      },
      "source": [
        "### Sentiment\n",
        "+ The news count 2 days prior to the current day has a higher correlation with closing price than the current news count"
      ]
    },
    {
      "cell_type": "code",
      "metadata": {
        "colab": {
          "base_uri": "https://localhost:8080/",
          "height": 634
        },
        "id": "ZF1Ge5asjlY6",
        "outputId": "2d97f95d-53c5-4e3a-dad4-1e44ebab7f0c"
      },
      "source": [
        "# sentiment \n",
        "features_to_lag = ['weighted_sentiment','ma_sentiment_10','ma_sentiment_20','ma_sentiment_40','news_count','ma_news_count','sentiment_title','ma_sentiment_title','idx_fear_greed','google_trends']\n",
        "\n",
        "# try shifting from zero to -60 days prior\n",
        "lags = list(range(0,-21,-1))\n",
        "\n",
        "feature_shifts =calc_optimal_feature_lags(df,features_to_lag,lags)\n",
        "print(feature_shifts)\n",
        "\n",
        "# add the optimal feature lags\n",
        "features_to_lag.insert(0,'close')\n",
        "df_sent = shift_features(df[features_to_lag],feature_shifts)\n",
        "\n",
        "# plot corr\n",
        "plot_corr(df_sent,df_sent.columns,'Sentiment')"
      ],
      "execution_count": 8,
      "outputs": [
        {
          "output_type": "stream",
          "name": "stdout",
          "text": [
            "{'news_count': -2}\n"
          ]
        },
        {
          "output_type": "display_data",
          "data": {
            "text/html": [
              "<html>\n",
              "<head><meta charset=\"utf-8\" /></head>\n",
              "<body>\n",
              "    <div>\n",
              "            <script src=\"https://cdnjs.cloudflare.com/ajax/libs/mathjax/2.7.5/MathJax.js?config=TeX-AMS-MML_SVG\"></script><script type=\"text/javascript\">if (window.MathJax) {MathJax.Hub.Config({SVG: {font: \"STIX-Web\"}});}</script>\n",
              "                <script type=\"text/javascript\">window.PlotlyConfig = {MathJaxConfig: 'local'};</script>\n",
              "        <script src=\"https://cdn.plot.ly/plotly-latest.min.js\"></script>    \n",
              "            <div id=\"2baa6d75-730d-406b-8637-41d7fcbec8db\" class=\"plotly-graph-div\" style=\"height:600px; width:600px;\"></div>\n",
              "            <script type=\"text/javascript\">\n",
              "                \n",
              "                    window.PLOTLYENV=window.PLOTLYENV || {};\n",
              "                    \n",
              "                if (document.getElementById(\"2baa6d75-730d-406b-8637-41d7fcbec8db\")) {\n",
              "                    Plotly.newPlot(\n",
              "                        '2baa6d75-730d-406b-8637-41d7fcbec8db',\n",
              "                        [{\"colorscale\": [[0.0, \"rgb(255,255,204)\"], [0.125, \"rgb(255,237,160)\"], [0.25, \"rgb(254,217,118)\"], [0.375, \"rgb(254,178,76)\"], [0.5, \"rgb(253,141,60)\"], [0.625, \"rgb(252,78,42)\"], [0.75, \"rgb(227,26,28)\"], [0.875, \"rgb(189,0,38)\"], [1.0, \"rgb(128,0,38)\"]], \"type\": \"heatmap\", \"x\": [\"close\", \"weighted_sentiment\", \"ma_sentiment_10\", \"ma_sentiment_20\", \"ma_sentiment_40\", \"news_count\", \"ma_news_count\", \"sentiment_title\", \"ma_sentiment_title\", \"idx_fear_greed\", \"google_trends\", \"news_count_shift\"], \"y\": [\"close\", \"weighted_sentiment\", \"ma_sentiment_10\", \"ma_sentiment_20\", \"ma_sentiment_40\", \"news_count\", \"ma_news_count\", \"sentiment_title\", \"ma_sentiment_title\", \"idx_fear_greed\", \"google_trends\", \"news_count_shift\"], \"z\": [[1.0, 0.05665559904132448, 0.18321467019663593, 0.21878619443420985, 0.2433783413585522, 0.4632906120746714, 0.5212528366931161, 0.11808924743871003, 0.23042379531685334, 0.4070655835064593, 0.6632685253038448, 0.47057007718423094], [0.05665559904132448, 1.0, 0.35454181925527223, 0.3023629812482443, 0.2522150659310016, 0.04477280899753361, 0.03818456732744557, 0.05885590367742445, 0.1061552135832151, 0.14023823076440456, 0.04410796966784388, 0.031596000681556186], [0.18321467019663593, 0.35454181925527223, 1.0, 0.818068088113098, 0.6800309920402718, 0.09408326476240378, 0.09995086786592035, 0.09247733100106613, 0.20720443002327213, 0.3798598453324414, 0.12927062336298156, 0.09783903391331421], [0.21878619443420985, 0.3023629812482443, 0.818068088113098, 1.0, 0.8634563911465382, 0.12871151620323226, 0.12045570704244102, 0.05858683080924883, 0.13115157781761902, 0.38582552379046237, 0.15893089130216048, 0.12964335325575554], [0.2433783413585522, 0.2522150659310016, 0.6800309920402718, 0.8634563911465382, 1.0, 0.14143777106124011, 0.15418919182871818, 0.057333700433776, 0.12150164230056477, 0.3519742199745679, 0.1723494010995324, 0.14359735813056812], [0.4632906120746714, 0.04477280899753361, 0.09408326476240378, 0.12871151620323226, 0.14143777106124011, 1.0, 0.839584434255087, 0.09195355688516779, 0.15625980258800778, 0.1391714961586651, 0.07972881049405832, 0.709984839046357], [0.5212528366931161, 0.03818456732744557, 0.09995086786592035, 0.12045570704244102, 0.15418919182871818, 0.839584434255087, 1.0, 0.09803096303594099, 0.17940233140519624, 0.14812946768825092, 0.1120796825874665, 0.8165630370369423], [0.11808924743871003, 0.05885590367742445, 0.09247733100106613, 0.05858683080924883, 0.057333700433776, 0.09195355688516779, 0.09803096303594099, 1.0, 0.4902448091135623, 0.16425227764954045, 0.09004951611813346, 0.08179663401363385], [0.23042379531685334, 0.1061552135832151, 0.20720443002327213, 0.13115157781761902, 0.12150164230056477, 0.15625980258800778, 0.17940233140519624, 0.4902448091135623, 1.0, 0.3148291977945362, 0.16050340434518862, 0.1566933661251657], [0.4070655835064593, 0.14023823076440456, 0.3798598453324414, 0.38582552379046237, 0.3519742199745679, 0.1391714961586651, 0.14812946768825092, 0.16425227764954045, 0.3148291977945362, 1.0, 0.4825012581496736, 0.154064501502356], [0.6632685253038448, 0.04410796966784388, 0.12927062336298156, 0.15893089130216048, 0.1723494010995324, 0.07972881049405832, 0.1120796825874665, 0.09004951611813346, 0.16050340434518862, 0.4825012581496736, 1.0, 0.08733746505171319], [0.47057007718423094, 0.031596000681556186, 0.09783903391331421, 0.12964335325575554, 0.14359735813056812, 0.709984839046357, 0.8165630370369423, 0.08179663401363385, 0.1566933661251657, 0.154064501502356, 0.08733746505171319, 1.0]]}],\n",
